9 8 1 7 6 2 5 10 4 3 
9 8 1 7 6 2 5 10 4 3 
9 8 1 7 6 2 5 10 4 3 
44 46 32 43 2 24 3 10 14 15 47 19 18 42 40 41 20 22 25 29 28 30 7 27 5 35 16 6 9 12 37 1 23 34 17 11 8 31 33 21 4 36 26 38 48 45 49 13 39 50 
44 46 32 43 2 24 3 10 14 15 47 19 18 42 40 41 20 22 25 29 28 30 7 27 5 35 16 6 9 12 37 1 23 34 17 11 8 31 33 21 4 36 26 38 48 45 49 13 39 50 
98 63 87 69 32 85 43 29 66 4 76 49 2 83 6 35 46 59 3 60 100 36 7 8 30 18 16 27 37 40 95 91 9 67 17 5 80 56 38 50 86 64 1 20 74 65 71 75 39 99 13 94 41 47 33 52 77 10 53 57 54 72 61 22 82 81 21 97 55 14 58 28 31 73 19 25 84 34 93 62 96 78 26 42 48 79 24 51 23 45 90 44 12 70 68 89 92 88 11 15 
98 63 87 69 32 85 43 29 66 4 76 49 2 83 6 35 46 59 3 60 100 36 7 8 30 18 16 27 37 40 95 91 9 67 17 5 80 56 38 50 86 64 1 20 74 65 71 75 39 99 13 94 41 47 33 52 77 10 53 57 54 72 61 22 82 81 21 97 55 14 58 28 31 73 19 25 84 34 93 62 96 78 26 42 48 79 24 51 23 45 90 44 12 70 68 89 92 88 11 15 
219 67 98 173 118 109 220 43 221 171 239 32 224 207 85 176 200 147 83 15 190 244 162 232 149 76 64 27 84 11 236 186 152 114 40 35 155 51 52 150 184 182 249 245 183 157 65 188 19 248 79 94 201 227 170 206 110 169 60 6 54 71 30 104 115 113 141 116 57 3 10 153 172 112 20 179 145 180 88 138 240 78 192 9 48 136 130 144 80 29 69 1 53 189 226 139 135 99 217 154 122 55 33 107 74 134 101 21 34 229 167 87 203 214 204 246 165 123 18 212 77 14 181 216 187 168 242 82 163 124 213 66 156 44 41 102 7 42 119 143 56 5 243 49 97 159 93 73 146 45 131 137 4 208 61 215 106 59 31 62 164 194 151 231 161 70 13 193 210 103 58 178 92 47 133 8 218 23 128 25 195 185 197 46 111 24 68 26 129 96 211 22 105 177 63 140 36 12 86 223 198 90 191 235 75 250 125 174 100 142 81 38 247 166 234 196 108 50 158 209 117 225 241 120 233 222 28 238 199 228 148 132 37 237 127 160 95 72 202 121 39 2 17 89 126 16 91 175 205 230 
219 67 98 173 118 109 220 43 221 171 239 32 224 207 85 176 200 147 83 15 190 244 162 232 149 76 64 27 84 11 236 186 152 114 40 35 155 51 52 150 184 182 249 245 183 157 65 188 19 248 79 94 201 227 170 206 110 169 60 6 54 71 30 104 115 113 141 116 57 3 10 153 172 112 20 179 145 180 88 138 240 78 192 9 48 136 130 144 80 29 69 1 53 189 226 139 135 99 217 154 122 55 33 107 74 134 101 21 34 229 167 87 203 214 204 246 165 123 18 212 77 14 181 216 187 168 242 82 163 124 213 66 156 44 41 102 7 42 119 143 56 5 243 49 97 159 93 73 146 45 131 137 4 208 61 215 106 59 31 62 164 194 151 231 161 70 13 193 210 103 58 178 92 47 133 8 218 23 128 25 195 185 197 46 111 24 68 26 129 96 211 22 105 177 63 140 36 12 86 223 198 90 191 235 75 250 125 174 100 142 81 38 247 166 234 196 108 50 158 209 117 225 241 120 233 222 28 238 199 228 148 132 37 237 127 160 95 72 202 121 39 2 17 89 126 16 91 175 205 230 
438 8 206 345 463 351 439 262 54 195 1 133 456 349 497 409 38 294 118 473 77 371 436 32 124 65 374 27 292 85 283 176 74 332 180 5 322 102 454 188 96 190 244 211 20 151 483 159 481 495 384 343 392 19 440 412 219 389 120 98 395 142 431 208 289 137 411 125 252 277 75 421 474 378 420 2 379 352 154 215 272 288 130 240 11 249 312 485 165 310 105 193 41 115 451 391 269 447 196 49 250 138 496 492 201 198 373 139 331 185 309 209 197 236 169 23 295 317 147 460 369 14 247 174 214 402 320 359 37 29 426 66 413 212 370 297 199 42 253 157 311 10 18 254 242 172 143 179 303 184 418 153 4 415 35 430 145 178 238 298 328 354 175 461 324 241 337 91 258 30 243 318 319 140 308 216 57 467 394 357 390 9 300 462 364 61 189 329 123 455 399 84 437 323 63 293 28 386 116 446 183 465 484 470 45 433 135 405 160 82 52 239 224 305 356 342 286 355 365 127 424 346 7 51 265 257 393 314 111 235 330 375 93 344 40 202 226 173 89 406 39 348 285 315 168 441 131 435 400 56 161 33 407 452 117 466 335 429 271 121 220 158 353 498 200 36 119 72 363 299 472 313 110 48 222 256 255 397 339 15 358 78 43 22 149 88 182 444 152 155 338 167 62 416 475 408 281 109 417 210 156 362 104 287 232 450 58 301 457 234 316 245 279 476 471 162 246 194 68 229 231 83 128 340 423 100 478 76 59 34 445 132 17 44 225 31 69 488 490 381 114 248 347 73 148 181 382 486 376 377 237 360 267 107 217 26 79 171 327 442 368 205 398 170 207 53 192 228 97 270 12 227 396 383 94 414 164 223 290 385 367 334 425 251 380 464 163 448 92 122 477 410 95 230 113 166 491 306 443 204 459 449 90 469 341 233 307 284 321 67 144 278 3 432 499 419 264 81 71 266 273 493 87 275 16 129 6 326 434 274 482 46 141 50 21 64 489 422 221 333 261 187 479 80 468 404 280 13 336 25 453 70 458 103 282 47 403 260 494 276 126 55 60 218 213 150 500 134 136 401 366 388 291 302 259 350 177 361 296 325 428 186 387 372 304 106 99 191 24 480 263 487 108 146 427 112 203 268 101 86 
